1870 1150
26 24
1772 1065 1870 1150
;
634 805 1
1336 500 2
126 569 2
981 146 1
;
0 -100 1870 0
1870 0 1970 1150
0 1150 1870 1250
-100 0 0 1150
61 0 112 199
0 257 215 312
165 0 215 93
165 146 215 257
215 146 406 190
265 45 313 146
366 0 411 96
468 49 515 247
279 247 515 311
280 367 595 417
0 -100 1870 0
1870 0 1970 1150
0 1150 1870 1250
-100 0 0 1150
571 0 623 196
515 247 742 311
687 57 742 247
742 57 907 108
907 0 965 108
150 367 214 538
0 367 94 418
60 468 150 538
280 417 330 536
159 538 214 746
0 592 91 637
0 693 159 746
214 593 457 648
393 479 457 593
530 417 595 776
286 710 353 986
353 710 458 777
159 746 214 903
160 986 353 1086
53 795 105 1090
421 843 486 1150
668 570 772 775
486 843 733 899
552 967 607 1150
673 968 833 1091
908 842 987 1150
799 843 846 901
669 369 826 503
826 189 880 503
880 189 1094 231
1027 61 1094 189
1094 191 1229 231
1160 0 1229 191
948 295 1024 642
772 703 1109 775
1054 775 1109 973
845 503 880 645
1024 411 1303 473
1086 231 1142 346
1090 538 1332 640
1210 307 1303 411
1303 60 1377 367
1377 187 1526 268
1441 0 1526 117
1603 0 1679 268
1747 57 1808 269
1449 323 1702 393
1449 393 1504 517
1372 412 1449 474
1054 1034 1109 1150
1165 846 1217 1096
1109 786 1345 846
1281 905 1344 1150
1344 950 1495 1004
1413 767 1473 896
1406 1064 1495 1094
1713 949 1772 1150
1590 949 1713 1004
1591 1065 1650 1150
1166 640 1217 731
1278 698 1345 786
1702 323 1772 893
1575 461 1636 674
1575 674 1702 730
1576 783 1702 893
1414 579 1505 700
