900 900
450 300
0 192 81 273
0 327 81 408
192 0 273 81
327 0 408 81
819 192 900 273
819 627 900 708
0 627 81 708
819 327 900 408
819 492 900 573
0 492 81 573
627 0 708 81
627 819 708 900
192 819 273 900
492 0 573 81
492 819 573 900
327 819 408 900
;
100 100 1
800 800 2
800 100 3
100 800 4
;
-100 0 0 900
0 900 900 1000
900 0 1000 900
0 -100 900 0
0 273 150 327
273 0 327 150
370 370 450 450
750 273 900 327
750 573 900 627
0 573 150 627
573 0 627 150
573 750 627 900
273 750 327 900
450 370 530 450
450 450 530 530
370 450 450 530
